link_id,road_name,lon,lat,road_level,road_width
1,四平路,121.48683947,31.253996,4,20
1,四平路,121.48689386,31.25408319,4,20
1,四平路,121.48698748,31.25428387,4,20
1,四平路,121.48747548,31.25526664,4,20
1,四平路,121.48799977,31.256327419999998,4,20
1,四平路,121.48817944,31.25669061,4,20
1,四平路,121.48838087,31.25709777,4,20
1,四平路,121.48842324,31.25717349,4,20
1,四平路,121.48851637,31.2573731,4,20
1,四平路,121.48854795,31.25745016,4,20
1,四平路,121.48862477,31.25763759,4,20
1,四平路,121.48865729,31.2577449,4,20
1,四平路,121.48870714999998,31.25790966,4,20
1,四平路,121.4887207,31.258014869999997,4,20
1,四平路,121.48872558,31.25805275,4,20
1,四平路,121.48872621,31.2581077,4,20
1,四平路,121.48872927,31.2583729,4,20
1,四平路,121.48873766,31.25910003,4,20
1,四平路,121.48876999,31.25934255,4,20
1,四平路,121.48883264,31.25959316,4,20
1,四平路,121.48911094,31.26025821,4,20
1,四平路,121.48934894,31.260821,4,20
1,四平路,121.48944821,31.26104769,4,20
1,四平路,121.48959275,31.26137944,4,20
1,四平路,121.48968529,31.26159608,4,20
1,四平路,121.48977084,31.26178076,4,20
2,四平路,121.48934894,31.260821,4,20
2,四平路,121.48944821,31.26104769,4,20
2,四平路,121.48959275,31.26137944,4,20
2,四平路,121.48968529,31.26159608,4,20
2,四平路,121.48977084,31.26178076,4,20
3,四平路,121.48683947,31.253996,4,20
3,四平路,121.48689386,31.25408319,4,20
4,四平路,121.49827029,31.27208179,4,20
4,四平路,121.49828764,31.27216207,4,20
4,四平路,121.49829519999999,31.2721695,4,20
4,四平路,121.49853825,31.27240834,4,20
4,四平路,121.49859494,31.27246049,4,20
4,四平路,121.498714,31.272569990000004,4,20
4,四平路,121.49917073,31.2729703,4,20
4,四平路,121.49936512,31.273131559999996,4,20
4,四平路,121.49960577,31.27333374,4,20
4,四平路,121.49992580000001,31.27360279,4,20
4,四平路,121.50036485,31.27398441,4,20
4,四平路,121.50046499,31.27407145,4,20
4,四平路,121.50097596,31.27452167,4,20
4,四平路,121.50098397,31.27452891,4,20
4,四平路,121.50133614,31.27484714,4,20
5,四平路,121.4995027,31.273168839999997,4,20
5,四平路,121.49834623,31.27210674,4,20
5,四平路,121.49827029,31.27208179,4,20
5,四平路,121.49828764,31.27216207,4,20
5,四平路,121.49829519999999,31.2721695,4,20
6,四平路,121.48858204000001,31.25810771,4,20
6,四平路,121.48859956,31.25873633,4,20
6,四平路,121.48860932,31.25908614,4,20
6,四平路,121.48862246000002,31.2592698,4,20
6,四平路,121.48865884,31.25943754,4,20
6,四平路,121.48870034,31.25956206,4,20
6,四平路,121.48871947,31.25961943,4,20
6,四平路,121.48879423,31.25979671,4,20
6,四平路,121.48881582,31.259847900000004,4,20
6,四平路,121.48889621,31.26003851,4,20
6,四平路,121.48899823999999,31.26029333,4,20
6,四平路,121.48926331,31.26088942,4,20
6,四平路,121.48950969,31.26141208,4,20
6,四平路,121.48960165,31.26162109,4,20
6,四平路,121.48967356,31.2617794,4,20
6,四平路,121.48973200000002,31.26191733,4,20
6,四平路,121.48990985,31.2623276,4,20
6,四平路,121.49004283,31.26262668,4,20
6,四平路,121.49013337,31.262835459999998,4,20
6,四平路,121.49039849,31.26344816,4,20
6,四平路,121.49049106,31.26367095,4,20
6,四平路,121.49070411,31.26416673,4,20
6,四平路,121.49075666000002,31.26431426,4,20
6,四平路,121.49110881,31.26514303,4,20
6,四平路,121.4911678,31.26528184,4,20
6,四平路,121.49123508,31.26540608,4,20
6,四平路,121.49133089,31.265589580000004,4,20
6,四平路,121.49139584,31.26569983,4,20
6,四平路,121.49143991,31.265782249999997,4,20
6,四平路,121.49155697999998,31.26596038,4,20
6,四平路,121.49161332,31.26603632,4,20
6,四平路,121.49168728,31.26613796,4,20
6,四平路,121.49185306,31.2663373,4,20
6,四平路,121.49202687,31.2665293,4,20
6,四平路,121.49216497000002,31.266672509999996,4,20
6,四平路,121.49239769,31.266878179999996,4,20
6,四平路,121.4924488,31.26691762,4,20
6,四平路,121.49260839,31.26706837,4,20
6,四平路,121.49281177,31.2672478,4,20
6,四平路,121.4934527,31.26780153,4,20
6,四平路,121.4936548,31.26798746,4,20
6,四平路,121.49384679,31.26815925,4,20
6,四平路,121.49407846,31.26837031,4,20
6,四平路,121.49418173,31.26845743,4,20
6,四平路,121.49461679999999,31.26884236,4,20
6,四平路,121.49514833,31.26931729,4,20
6,四平路,121.49527077000002,31.26942644,4,20
6,四平路,121.49557679,31.26969927,4,20
6,四平路,121.49625825,31.27031787,4,20
6,四平路,121.49647484,31.27049755,4,20
6,四平路,121.49700921,31.27097398,4,20
6,四平路,121.49774195,31.27161747,4,20
6,四平路,121.49777822,31.27165036,4,20
6,四平路,121.49798605,31.27183878,4,20
6,四平路,121.49810122,31.27193724,4,20
6,四平路,121.49827029,31.27208179,4,20
6,四平路,121.49828764,31.27216207,4,20
6,四平路,121.49829519999999,31.2721695,4,20
7,四平路,121.49827029,31.27208179,4,20
7,四平路,121.49828764,31.27216207,4,20
7,四平路,121.49829519999999,31.2721695,4,20
8,四平路,121.50098397,31.27452891,4,20
8,四平路,121.50133614,31.27484714,4,20
9,四平路,121.4995027,31.273168839999997,4,20
9,四平路,121.49834623,31.27210674,4,20
9,四平路,121.49827029,31.27208179,4,20
10,四平路,121.48858204000001,31.25810771,4,20
10,四平路,121.48859956,31.25873633,4,20
10,四平路,121.48860932,31.25908614,4,20
11,四平路,121.48998786,31.26229431,4,20
11,四平路,121.49013402,31.26263571,4,20
11,四平路,121.49021062,31.26281527,4,20
11,四平路,121.49048311,31.26342636,4,20
11,四平路,121.49058272,31.26363874,4,20
11,四平路,121.49078078,31.26406335,4,20
11,四平路,121.49082729,31.264183899999995,4,20
11,四平路,121.49083772,31.26421093,4,20
11,四平路,121.49084932,31.26423635,4,20
11,四平路,121.49095893,31.264476450000004,4,20
11,四平路,121.49104337,31.26468248,4,20
11,四平路,121.49122212,31.26510711,4,20
11,四平路,121.49126856,31.26523187,4,20
11,四平路,121.49135985,31.26541873,4,20
11,四平路,121.49150397,31.2656623,4,20
11,四平路,121.49154689,31.26574541,4,20
11,四平路,121.49158617,31.265808,4,20
11,四平路,121.49170318,31.26598588,4,20
11,四平路,121.49176394,31.266070319999997,4,20
11,四平路,121.49195255,31.26629578,4,20
11,四平路,121.49209814,31.266441369999995,4,20
11,四平路,121.49214116,31.26648439,4,20
11,四平路,121.49228489,31.26661038,4,20
11,四平路,121.49249275,31.26679068,4,20
11,四平路,121.49271201,31.26698685,4,20
11,四平路,121.4929046,31.26714116,4,20
11,四平路,121.49294168,31.26717874,4,20
11,四平路,121.49351346,31.267683259999995,4,20
11,四平路,121.49374267,31.26788899,4,20
11,四平路,121.49414822,31.26823754,4,20
11,四平路,121.49456016999999,31.26859983,4,20
11,四平路,121.49471233000001,31.26873037,4,20
11,四平路,121.49525246,31.269230619999995,4,20
11,四平路,121.49537131,31.26934257,4,20
11,四平路,121.4956814,31.269627899999996,4,20
11,四平路,121.49574624,31.2696859,4,20
11,四平路,121.49579143,31.26972633,4,20
11,四平路,121.49635527,31.27023317,4,20
11,四平路,121.49657005999998,31.27041387,4,20
12,四平路,121.49635527,31.27023317,4,20
12,四平路,121.49657005999998,31.27041387,4,20
13,四平路,121.48998786,31.26229431,4,20
13,四平路,121.49013402,31.26263571,4,20
14,四平路,121.49836368,31.27201425,4,20
14,四平路,121.49816823,31.27183521,4,20
14,四平路,121.49806667,31.27174218,4,20
14,四平路,121.49783036,31.27151888,4,20
14,四平路,121.49761137,31.27132435,4,20
14,四平路,121.49710441000002,31.27088519,4,20
14,四平路,121.49683105000001,31.2706424,4,20
14,四平路,121.4968199,31.27063376,4,20
14,四平路,121.49657005999998,31.27041387,4,20
15,四平路,121.50145998,31.27473236,4,20
15,四平路,121.50098451,31.27430603,4,20
15,四平路,121.50061579,31.27396802,4,20
15,四平路,121.50007234000002,31.2734791,4,20
15,四平路,121.49914729,31.27265742,4,20
15,四平路,121.49906979,31.272588829999997,4,20
15,四平路,121.49880696,31.27235622,4,20
15,四平路,121.49874926,31.272305590000002,4,20
15,四平路,121.49856336,31.272142459999998,4,20
15,四平路,121.49852781000001,31.27211376,4,20
15,四平路,121.4984337,31.27203776,4,20
15,四平路,121.49836368,31.27201425,4,20
15,四平路,121.49816823,31.27183521,4,20
16,四平路,121.49954996000001,31.27312771,4,20
16,四平路,121.49895453000002,31.27258951,4,20
16,四平路,121.49838969,31.27207929,4,20
16,四平路,121.49836368,31.27201425,4,20
16,四平路,121.49816823,31.27183521,4,20
17,四平路,121.50145998,31.27473236,4,20
17,四平路,121.50098451,31.27430603,4,20
18,四平路,121.4968199,31.27063376,4,20
18,四平路,121.49657005999998,31.27041387,4,20
19,四平路,121.49954996000001,31.27312771,4,20
19,四平路,121.49895453000002,31.27258951,4,20
19,四平路,121.49838969,31.27207929,4,20
19,四平路,121.49836368,31.27201425,4,20
20,四平路,121.49836368,31.27201425,4,20
20,四平路,121.49816823,31.27183521,4,20
21,四平路,121.50145998,31.27473236,4,20
21,四平路,121.50153699,31.27479246,4,20
22,四平路,121.50139906,31.27490897,4,20
22,四平路,121.50133614,31.27484714,4,20
23,四平路,121.48858204000001,31.25810771,4,20
23,四平路,121.48851534,31.257834869999996,4,20
23,四平路,121.48842844,31.25757416,4,20
23,四平路,121.48824559,31.25715275,4,20
23,四平路,121.48805115,31.25675399,4,20
23,四平路,121.48787008,31.25638438,4,20
23,四平路,121.48743612,31.25549857,4,20
23,四平路,121.48735458,31.255333209999996,4,20
23,四平路,121.48691167,31.254435010000005,4,20
23,四平路,121.48686619,31.25434053,4,20
23,四平路,121.48675906,31.25414006,4,20
24,四平路,121.48858204000001,31.25810771,4,20
24,四平路,121.48851534,31.257834869999996,4,20
24,四平路,121.48842844,31.25757416,4,20
24,四平路,121.48824559,31.25715275,4,20
25,四平路,121.48824559,31.25715275,4,20
25,四平路,121.48805115,31.25675399,4,20
25,四平路,121.48787008,31.25638438,4,20
25,四平路,121.48743612,31.25549857,4,20
25,四平路,121.48735458,31.255333209999996,4,20
25,四平路,121.48691167,31.254435010000005,4,20
25,四平路,121.48686619,31.25434053,4,20
25,四平路,121.48675906,31.25414006,4,20
26,四平路,121.48998786,31.26229431,4,20
26,四平路,121.48977084,31.26178076,4,20
27,四平路,121.50139906,31.27490897,4,20
27,四平路,121.50148802,31.27499142,4,20
28,四平路,121.5016257,31.2748708,4,20
28,四平路,121.50153699,31.27479246,4,20
29,四平路,121.4995027,31.273168839999997,4,20
29,四平路,121.49988688,31.27351345,4,20
29,四平路,121.4999414,31.27356309,4,20
29,四平路,121.50013319,31.27373155,4,20
29,四平路,121.50152057,31.27496539,4,20
30,四平路,121.49954996000001,31.27312771,4,20
30,四平路,121.50028772,31.2737822,4,20
30,四平路,121.50157926,31.274912110000002,4,20
