link_id,road_name,lon,lat,road_level,road_width,in_link_id,in_road_index
1,江湾城路,121.5221582,31.34023497,4,12,1,1
1,江湾城路,121.52226313,31.34020018,4,12,2,2
1,江湾城路,121.52238718,31.34018987,4,12,3,3
1,江湾城路,121.5224393,31.34017676,4,12,4,4
1,江湾城路,121.52249421,31.34015052,4,12,5,5
1,江湾城路,121.52250949,31.34013943,4,12,6,6
1,江湾城路,121.52252011,31.34012952,4,12,7,7
1,江湾城路,121.52254169,31.34010784,4,12,8,8
1,江湾城路,121.52254696,31.34010017,4,12,9,9
1,江湾城路,121.52256326,31.34007139,4,12,10,10
1,江湾城路,121.52257801,31.34002555,4,12,11,11
1,江湾城路,121.52258867,31.33997609,4,12,12,12
1,江湾城路,121.52259136999999,31.33993029,4,12,13,13
1,江湾城路,121.52239063,31.33954511,4,12,15,14
1,江湾城路,121.52231199,31.339314210000005,4,12,16,15
1,江湾城路,121.52227267,31.3391483,4,12,17,16
1,江湾城路,121.52210579,31.33841174,4,12,18,17
1,江湾城路,121.52205616,31.33820364,4,12,19,18
2,江湾城路,121.52259136999999,31.33993029,4,12,1,19
2,江湾城路,121.52239063,31.33954511,4,12,2,20
2,江湾城路,121.52231199,31.339314210000005,4,12,3,21
2,江湾城路,121.52227267,31.3391483,4,12,4,22
2,江湾城路,121.52210579,31.33841174,4,12,5,23
2,江湾城路,121.52205616,31.33820364,4,12,6,24
2,江湾城路,121.52202798,31.33808548,4,12,8,25
2,江湾城路,121.52202139,31.33805784,4,12,9,26
2,江湾城路,121.52193700000001,31.33768381,4,12,10,27
2,江湾城路,121.52170011,31.33670077,4,12,11,28
2,江湾城路,121.52159701000001,31.33628837,4,12,12,29
2,江湾城路,121.52146370000001,31.33583186,4,12,14,30
2,江湾城路,121.5214263,31.33573019,4,12,15,31
2,江湾城路,121.52130785,31.335477,4,12,16,32
2,江湾城路,121.52123352,31.33534753,4,12,17,33
2,江湾城路,121.52104507,31.335090500000003,4,12,18,34
2,江湾城路,121.52086127,31.33486219,4,12,20,35
2,江湾城路,121.52076985,31.33474609,4,12,21,36
2,江湾城路,121.52067328,31.334631610000002,4,12,22,37
2,江湾城路,121.520611,31.334559729999995,4,12,23,38
2,江湾城路,121.52059437999999,31.33454055,4,12,24,39
2,江湾城路,121.52056393,31.3345054,4,12,26,40
2,江湾城路,121.52053766,31.33447508,4,12,27,41
2,江湾城路,121.52048855,31.3344184,4,12,29,42
2,江湾城路,121.52039034999999,31.33431857,4,12,30,43
2,江湾城路,121.52026801,31.33419216,4,12,31,44
2,江湾城路,121.52019821,31.334126639999997,4,12,32,45
2,江湾城路,121.52002271,31.33397511,4,12,33,46
2,江湾城路,121.51978102,31.33379193,4,12,34,47
2,江湾城路,121.51953454,31.33361162,4,12,35,48
2,江湾城路,121.51920271,31.33336419,4,12,36,49
2,江湾城路,121.5190646,31.33326061,4,12,37,50
2,江湾城路,121.51895219999999,31.333168469999997,4,12,38,51
2,江湾城路,121.51889686,31.33312311,4,12,40,52
2,江湾城路,121.51841915,31.33268421,4,12,41,53
2,江湾城路,121.51809452000002,31.33234361,4,12,42,54
2,江湾城路,121.51798994,31.33223567,4,12,44,55
2,江湾城路,121.51788842,31.332116089999996,4,12,45,56
2,江湾城路,121.5178793,31.33210354,4,12,46,57
3,江湾城路,121.51130193,31.31971342,4,12,1,58
3,江湾城路,121.51117721000001,31.31928035,4,12,2,59
3,江湾城路,121.51116497,31.319150190000002,4,12,4,60
3,江湾城路,121.51116302,31.31899457,4,12,5,61
3,江湾城路,121.51118362,31.31881992,4,12,6,62
3,江湾城路,121.51128064,31.31836984,4,12,7,63
3,江湾城路,121.51129607,31.31823196,4,12,8,64
3,江湾城路,121.51128687,31.31803766,4,12,9,65
3,江湾城路,121.51125712,31.31786943,4,12,10,66
3,江湾城路,121.51120079,31.31770659,4,12,11,67
3,江湾城路,121.51113264,31.317591830000005,4,12,12,68
3,江湾城路,121.51102401,31.31743716,4,12,13,69
3,江湾城路,121.51097037,31.31737987,4,12,15,70
3,江湾城路,121.510724,31.317115,4,12,17,71
3,江湾城路,121.510525,31.31692,4,12,18,72
3,江湾城路,121.510421,31.31679,4,12,19,73
3,江湾城路,121.510299,31.316598,4,12,20,74
3,江湾城路,121.51020878,31.316435450000004,4,12,21,75
3,江湾城路,121.510178,31.316355,4,12,22,76
3,江湾城路,121.51010299999999,31.316092,4,12,23,77
3,江湾城路,121.5100383,31.31588128,4,12,24,78
3,江湾城路,121.51001952,31.315825139999998,4,12,26,79
4,江湾城路,121.5238125,31.3418502,4,12,1,80
4,江湾城路,121.52373552,31.341726739999995,4,12,2,81
4,江湾城路,121.5236027,31.34151605,4,12,3,82
4,江湾城路,121.52306563,31.34068391,4,12,4,83
4,江湾城路,121.5228752,31.34038375,4,12,5,84
4,江湾城路,121.52276384,31.34022429,4,12,6,85
4,江湾城路,121.52266205,31.34006612,4,12,8,86
4,江湾城路,121.52259136999999,31.33993029,4,12,9,87
4,江湾城路,121.52239063,31.33954511,4,12,11,88
4,江湾城路,121.52231199,31.339314210000005,4,12,12,89
4,江湾城路,121.52227267,31.3391483,4,12,13,90
4,江湾城路,121.52210579,31.33841174,4,12,14,91
4,江湾城路,121.52205616,31.33820364,4,12,15,92
5,江湾城路,121.52390215,31.34180253,4,12,1,93
5,江湾城路,121.52387345000001,31.34175818,4,12,2,94
5,江湾城路,121.52370064999998,31.34148894,4,12,3,95
5,江湾城路,121.52321284,31.34071525,4,12,4,96
5,江湾城路,121.52286461,31.34019846,4,12,5,97
5,江湾城路,121.52267979,31.33989445,4,12,7,98
5,江湾城路,121.52261074,31.33976593,4,12,8,99
5,江湾城路,121.5225038,31.33952976,4,12,9,100
5,江湾城路,121.52241317,31.3392912,4,12,10,101
5,江湾城路,121.52235478,31.33905336,4,12,11,102
5,江湾城路,121.52211506,31.33805858,4,12,13,103
5,江湾城路,121.521971,31.33743705,4,12,14,104
5,江湾城路,121.52176319,31.33655561,4,12,15,105
5,江湾城路,121.52164082,31.33605664,4,12,16,106
5,江湾城路,121.52157347,31.335811940000003,4,12,17,107
5,江湾城路,121.52152821,31.335687380000003,4,12,18,108
5,江湾城路,121.52147307,31.33555724,4,12,19,109
5,江湾城路,121.52135165,31.33532587,4,12,20,110
5,江湾城路,121.52128031000001,31.335206079999995,4,12,21,111
5,江湾城路,121.52122014,31.33512012,4,12,22,112
5,江湾城路,121.52115420999999,31.335038,4,12,23,113
5,江湾城路,121.52092416,31.33474384,4,12,25,114
5,江湾城路,121.52077605,31.33456877,4,12,26,115
5,江湾城路,121.52050751000002,31.33428009,4,12,27,116
5,江湾城路,121.52035718,31.33413697,4,12,28,117
5,江湾城路,121.52008696,31.333909409999997,4,12,30,118
5,江湾城路,121.51984288,31.33372719,4,12,31,119
5,江湾城路,121.51960647,31.33355504,4,12,32,120
5,江湾城路,121.51933051,31.33334635,4,12,33,121
5,江湾城路,121.51910454,31.33317382,4,12,34,122
5,江湾城路,121.51895941,31.33305853,4,12,35,123
5,江湾城路,121.51885172,31.33296549,4,12,36,124
5,江湾城路,121.5186773,31.33281304,4,12,37,125
5,江湾城路,121.51846761,31.33261176,4,12,38,126
5,江湾城路,121.51817176,31.33231165,4,12,39,127
5,江湾城路,121.51793626,31.33204499,4,12,41,128
5,江湾城路,121.51781638,31.33189682,4,12,42,129
5,江湾城路,121.51758248,31.33155488,4,12,43,130
5,江湾城路,121.51744034999999,31.33133908,4,12,44,131
5,江湾城路,121.51731169,31.33113582,4,12,46,132
5,江湾城路,121.51722429,31.33098238,4,12,47,133
5,江湾城路,121.51714236,31.33082796,4,12,48,134
5,江湾城路,121.51708824,31.33072219,4,12,49,135
5,江湾城路,121.51695765,31.330436679999995,4,12,50,136
5,江湾城路,121.51686089,31.33019883,4,12,51,137
5,江湾城路,121.51680284,31.33003689,4,12,52,138
5,江湾城路,121.51676896,31.329914309999996,4,12,53,139
5,江湾城路,121.51668592,31.32957709,4,12,54,140
5,江湾城路,121.5166046,31.329239989999998,4,12,55,141
5,江湾城路,121.51653508,31.32888496,4,12,56,142
5,江湾城路,121.51650479,31.32875387,4,12,58,143
5,江湾城路,121.51645464,31.32851751,4,12,60,144
5,江湾城路,121.51644074,31.32835464,4,12,61,145
5,江湾城路,121.51642964,31.3281333,4,12,62,146
5,江湾城路,121.51641194,31.327780140000005,4,12,64,147
5,江湾城路,121.51637966,31.32696331,4,12,66,148
5,江湾城路,121.51636997999998,31.32675551,4,12,67,149
5,江湾城路,121.51634838,31.32637763,4,12,69,150
5,江湾城路,121.51633597000001,31.32614177,4,12,70,151
5,江湾城路,121.51632306,31.32588382,4,12,71,152
5,江湾城路,121.51631015,31.32565764,4,12,72,153
5,江湾城路,121.51629749,31.325479619999996,4,12,73,154
5,江湾城路,121.51629438,31.32544065,4,12,75,155
5,江湾城路,121.51628718,31.32536418,4,12,76,156
5,江湾城路,121.51627725,31.32528696,4,12,77,157
5,江湾城路,121.51626732,31.32521521,4,12,78,158
5,江湾城路,121.51625019,31.3251097,4,12,79,159
5,江湾城路,121.51623579,31.32502975,4,12,80,160
5,江湾城路,121.51621891,31.32493839,4,12,81,161
5,江湾城路,121.51620749000001,31.32488004,4,12,82,162
5,江湾城路,121.51618266,31.32477006,4,12,83,163
5,江湾城路,121.51614765,31.32463946,4,12,84,164
5,江湾城路,121.51610346,31.32448851,4,12,85,165
5,江湾城路,121.51607019,31.32438424,4,12,86,166
5,江湾城路,121.51601011,31.32421789,4,12,87,167
5,江湾城路,121.51593761,31.32403616,4,12,88,168
5,江湾城路,121.51582812,31.32378689,4,12,89,169
5,江湾城路,121.51573378,31.32358628,4,12,90,170
5,江湾城路,121.51565334,31.323424660000004,4,12,91,171
5,江湾城路,121.51559301000002,31.3233102,4,12,92,172
5,江湾城路,121.51553342,31.32320717,4,12,93,173
5,江湾城路,121.51545943,31.32309445,4,12,94,174
5,江湾城路,121.51532735,31.32290328,4,12,95,175
5,江湾城路,121.51524145,31.322788580000005,4,12,96,176
5,江湾城路,121.51517541,31.32271161,4,12,97,177
5,江湾城路,121.5150601,31.32261688,4,12,98,178
5,江湾城路,121.51494551,31.32249958,4,12,100,179
5,江湾城路,121.51484471,31.32239729,4,12,101,180
5,江湾城路,121.51471709,31.32226968,4,12,102,181
5,江湾城路,121.51458054,31.32214356,4,12,103,182
5,江湾城路,121.51450060000002,31.322072549999998,4,12,104,183
5,江湾城路,121.51430843,31.32190968,4,12,105,184
5,江湾城路,121.51415699,31.32178853,4,12,106,185
5,江湾城路,121.514083,31.3217339,4,12,107,186
5,江湾城路,121.51388736,31.32159835,4,12,109,187
5,江湾城路,121.51364951,31.32143647,4,12,110,188
5,江湾城路,121.51333122,31.32122395,4,12,111,189
5,江湾城路,121.51243992,31.32062561,4,12,112,190
5,江湾城路,121.5120973,31.32039819,4,12,113,191
5,江湾城路,121.51188179999998,31.32026412,4,12,114,192
5,江湾城路,121.51172985,31.32016183,4,12,115,193
5,江湾城路,121.51162060999998,31.32008139,4,12,116,194
5,江湾城路,121.51157903,31.32004514,4,12,117,195
5,江湾城路,121.51153334000001,31.31998655,4,12,118,196
5,江湾城路,121.51147091,31.31989329,4,12,119,197
5,江湾城路,121.51130193,31.31971342,4,12,121,198
5,江湾城路,121.51117721000001,31.31928035,4,12,123,199
6,江湾城路,121.51809452000002,31.33234361,4,12,1,200
6,江湾城路,121.51798994,31.33223567,4,12,2,201
6,江湾城路,121.51788842,31.332116089999996,4,12,3,202
6,江湾城路,121.5178793,31.33210354,4,12,4,203
6,江湾城路,121.51787527000002,31.33215108,4,12,6,204
6,江湾城路,121.51787192,31.332178,4,12,7,205
6,江湾城路,121.517868,31.332203,4,12,8,206
6,江湾城路,121.51786,31.332234000000003,4,12,9,207
6,江湾城路,121.517845,31.332262,4,12,10,208
6,江湾城路,121.51782836999999,31.33228505,4,12,11,209
6,江湾城路,121.517805,31.332308,4,12,12,210
6,江湾城路,121.51776558999998,31.33232674,4,12,13,211
6,江湾城路,121.51772871,31.332337620000004,4,12,14,212
6,江湾城路,121.51765979,31.3323463,4,12,15,213
6,江湾城路,121.51757597,31.3323506,4,12,16,214
6,江湾城路,121.5174898,31.33237809,4,12,17,215
7,江湾城路,121.51809452000002,31.33234361,4,12,1,216
7,江湾城路,121.51798994,31.33223567,4,12,2,217
7,江湾城路,121.51788842,31.332116089999996,4,12,3,218
7,江湾城路,121.5178793,31.33210354,4,12,4,219
7,江湾城路,121.51767342,31.33184306,4,12,6,220
7,江湾城路,121.51751229,31.33162587,4,12,7,221
7,江湾城路,121.51732047000002,31.33133924,4,12,8,222
7,江湾城路,121.51716272,31.33106531,4,12,10,223
7,江湾城路,121.51704603,31.33084732,4,12,11,224
7,江湾城路,121.51699004,31.33073394,4,12,12,225
7,江湾城路,121.51696708,31.33068743,4,12,14,226
7,江湾城路,121.51686926,31.33048136,4,12,15,227
7,江湾城路,121.51679528,31.330305089999996,4,12,16,228
7,江湾城路,121.51675059,31.33018641,4,12,17,229
7,江湾城路,121.51669895,31.33002454,4,12,18,230
7,江湾城路,121.51666965,31.32991729,4,12,20,231
7,江湾城路,121.5166185,31.3297276,4,12,21,232
7,江湾城路,121.51658573,31.329598,4,12,22,233
7,江湾城路,121.51650082,31.32925042,4,12,23,234
7,江湾城路,121.5164179,31.32888546,4,12,24,235
7,江湾城路,121.51638463,31.32875437,4,12,26,236
7,江湾城路,121.51634688999998,31.32861633,4,12,28,237
7,江湾城路,121.51631859,31.32843707,4,12,29,238
7,江湾城路,121.51630022,31.32822753,4,12,30,239
7,江湾城路,121.51629029,31.32804331,4,12,31,240
7,江湾城路,121.51628689,31.32784396,4,12,32,241
7,江湾城路,121.51628631,31.327315860000002,4,12,34,242
7,江湾城路,121.51627142,31.32697324,4,12,35,243
7,江湾城路,121.51625719,31.326761220000005,4,12,36,244
7,江湾城路,121.5162451,31.32648538,4,12,38,245
7,江湾城路,121.51623318,31.3262242,4,12,39,246
7,江湾城路,121.51622176,31.32601664,4,12,40,247
7,江湾城路,121.51619991,31.325628839999997,4,12,41,248
7,江湾城路,121.51618502,31.325432199999998,4,12,42,249
7,江湾城路,121.51616764,31.32525543,4,12,43,250
7,江湾城路,121.51608223,31.32482046,4,12,44,251
7,江湾城路,121.51604151,31.324632760000004,4,12,45,252
7,江湾城路,121.51590844,31.32423552,4,12,46,253
7,江湾城路,121.51581807,31.32401108,4,12,47,254
7,江湾城路,121.51571776,31.32379756,4,12,48,255
7,江湾城路,121.51560852,31.32358305,4,12,49,256
7,江湾城路,121.5155827,31.32352794,4,12,50,257
7,江湾城路,121.51554985,31.323458649999996,4,12,52,258
7,江湾城路,121.51547346,31.32330797,4,12,53,259
7,江湾城路,121.5154032,31.32319277,4,12,54,260
7,江湾城路,121.51535206,31.3231153,4,12,55,261
7,江湾城路,121.51524704,31.32297354,4,12,56,262
7,江湾城路,121.51514425,31.3228504,4,12,57,263
7,江湾城路,121.5149689,31.32267874,4,12,58,264
7,江湾城路,121.51472516,31.322450429999996,4,12,60,265
7,江湾城路,121.51446497,31.32220116,4,12,61,266
7,江湾城路,121.51413973,31.32190422,4,12,62,267
7,江湾城路,121.51400219,31.32178555,4,12,64,268
7,江湾城路,121.51367297,31.321555639999996,4,12,65,269
7,江湾城路,121.51244599999998,31.32073534,4,12,66,270
7,江湾城路,121.51219127,31.32056652,4,12,67,271
7,江湾城路,121.51151845,31.320144449999997,4,12,69,272
7,江湾城路,121.51146383,31.32009678,4,12,70,273
7,江湾城路,121.51141914,31.32004713,4,12,71,274
7,江湾城路,121.51139133,31.3200084,4,12,72,275
7,江湾城路,121.51134887,31.319949430000005,4,12,73,276
7,江湾城路,121.51130193,31.31971342,4,12,75,277
7,江湾城路,121.51117721000001,31.31928035,4,12,77,278
8,江湾城路,121.5221582,31.34023497,4,12,1,279
8,江湾城路,121.52226313,31.34020018,4,12,2,280
8,江湾城路,121.52238718,31.34018987,4,12,3,281
8,江湾城路,121.5224393,31.34017676,4,12,4,282
8,江湾城路,121.52249421,31.34015052,4,12,5,283
8,江湾城路,121.52250949,31.34013943,4,12,6,284
8,江湾城路,121.52252011,31.34012952,4,12,7,285
8,江湾城路,121.52254169,31.34010784,4,12,8,286
8,江湾城路,121.52254696,31.34010017,4,12,9,287
8,江湾城路,121.52256326,31.34007139,4,12,10,288
8,江湾城路,121.52257801,31.34002555,4,12,11,289
8,江湾城路,121.52258867,31.33997609,4,12,12,290
8,江湾城路,121.52259136999999,31.33993029,4,12,13,291
9,江湾城路,121.51809452000002,31.33234361,4,12,1,292
9,江湾城路,121.51798994,31.33223567,4,12,2,293
9,江湾城路,121.51788842,31.332116089999996,4,12,3,294
9,江湾城路,121.5178793,31.33210354,4,12,4,295
10,江湾城路,121.52259136999999,31.33993029,4,12,1,296
10,江湾城路,121.52239063,31.33954511,4,12,2,297
10,江湾城路,121.52231199,31.339314210000005,4,12,3,298
10,江湾城路,121.52227267,31.3391483,4,12,4,299
10,江湾城路,121.52210579,31.33841174,4,12,5,300
10,江湾城路,121.52205616,31.33820364,4,12,6,301
11,江湾城路,121.51130193,31.31971342,4,12,1,302
11,江湾城路,121.51117721000001,31.31928035,4,12,2,303
12,江湾城路,121.5238125,31.3418502,4,12,1,304
12,江湾城路,121.52373552,31.341726739999995,4,12,2,305
12,江湾城路,121.5236027,31.34151605,4,12,3,306
12,江湾城路,121.52306563,31.34068391,4,12,4,307
12,江湾城路,121.5228752,31.34038375,4,12,5,308
12,江湾城路,121.52276384,31.34022429,4,12,6,309
13,江湾城路,121.5100383,31.31588128,4,12,1,310
13,江湾城路,121.51001952,31.315825139999998,4,12,2,311
14,江湾城路,121.52390215,31.34180253,4,12,1,312
14,江湾城路,121.52387345000001,31.34175818,4,12,2,313
14,江湾城路,121.52370064999998,31.34148894,4,12,3,314
14,江湾城路,121.52321284,31.34071525,4,12,4,315
14,江湾城路,121.52286461,31.34019846,4,12,5,316
15,江湾城路,121.5178793,31.33210354,4,12,1,317
15,江湾城路,121.51787527000002,31.33215108,4,12,2,318
15,江湾城路,121.51787192,31.332178,4,12,3,319
15,江湾城路,121.517868,31.332203,4,12,4,320
15,江湾城路,121.51786,31.332234000000003,4,12,5,321
15,江湾城路,121.517845,31.332262,4,12,6,322
15,江湾城路,121.51782836999999,31.33228505,4,12,7,323
15,江湾城路,121.517805,31.332308,4,12,8,324
15,江湾城路,121.51776558999998,31.33232674,4,12,9,325
15,江湾城路,121.51772871,31.332337620000004,4,12,10,326
15,江湾城路,121.51765979,31.3323463,4,12,11,327
15,江湾城路,121.51757597,31.3323506,4,12,12,328
15,江湾城路,121.5174898,31.33237809,4,12,13,329
16,江湾城路,121.52390215,31.34180253,4,12,1,330
16,江湾城路,121.52403618,31.34173583,4,12,2,331
16,江湾城路,121.52425211,31.341616750000004,4,12,3,332
16,江湾城路,121.5243712,31.34156005,4,12,4,333
16,江湾城路,121.52439208,31.341549749999995,4,12,5,334
16,江湾城路,121.52440211999999,31.341543779999995,4,12,6,335
16,江湾城路,121.52441351,31.341537,4,12,7,336
16,江湾城路,121.52442653999998,31.34152587,4,12,8,337
16,江湾城路,121.5244458,31.34150336,4,12,9,338
16,江湾城路,121.52445583,31.34149061,4,12,10,339
16,江湾城路,121.52446614,31.34147596,4,12,11,340
16,江湾城路,121.52447780999998,31.34145697,4,12,12,341
16,江湾城路,121.52449001,31.34143174,4,12,13,342
16,江湾城路,121.52449517,31.34141574,4,12,14,343
16,江湾城路,121.52449950999998,31.341401090000005,4,12,15,344
16,江湾城路,121.52450385,31.34138237,4,12,16,345
16,江湾城路,121.52450656,31.341368,4,12,17,346
16,江湾城路,121.52451063,31.3413311,4,12,18,347
16,江湾城路,121.52451199,31.34129882,4,12,19,348
16,江湾城路,121.52451334,31.34126573,4,12,20,349
16,江湾城路,121.52451334,31.34123318,4,12,21,350
16,江湾城路,121.52451199,31.341188690000003,4,12,22,351
16,江湾城路,121.52450846,31.34112467,4,12,23,352
16,江湾城路,121.52449544,31.34089843,4,12,24,353
16,江湾城路,121.52445041,31.34045518,4,12,25,354
16,江湾城路,121.52444173,31.34031439,4,12,26,355
16,江湾城路,121.52443901,31.340269090000003,4,12,27,356
16,江湾城路,121.52444064,31.34022623,4,12,28,357
16,江湾城路,121.52444173,31.340215649999998,4,12,29,358
16,江湾城路,121.52444363,31.34020534,4,12,30,359
16,江湾城路,121.52444552000001,31.34019829,4,12,31,360
16,江湾城路,121.52444715,31.340192049999995,4,12,32,361
16,江湾城路,121.52444905,31.34018581,4,12,33,362
16,江湾城路,121.52445149,31.3401793,4,12,34,363
16,江湾城路,121.52445475,31.34017361,4,12,35,364
16,江湾城路,121.52445882,31.3401671,4,12,36,365
16,江湾城路,121.52446450999999,31.34015896,4,12,37,366
16,江湾城路,121.52447157,31.34015082,4,12,38,367
16,江湾城路,121.52448269,31.34013916,4,12,39,368
16,江湾城路,121.52449137,31.34013156,4,12,40,369
16,江湾城路,121.52450032,31.34012505,4,12,41,370
16,江湾城路,121.52453097,31.340107150000005,4,12,42,371
16,江湾城路,121.52462565,31.340085170000002,4,12,43,372
16,江湾城路,121.52477159,31.340074320000003,4,12,44,373
16,江湾城路,121.52488226,31.34006998,4,12,45,374
16,江湾城路,121.52507459,31.34007215,4,12,46,375
16,江湾城路,121.52527804,31.3400887,4,12,47,376
16,江湾城路,121.52544297,31.34009765,4,12,48,377
16,江湾城路,121.52554443,31.34009494,4,12,49,378
16,江湾城路,121.52561523,31.3400868,4,12,50,379
16,江湾城路,121.52566894,31.34007378,4,12,51,380
16,江湾城路,121.52576361,31.34003797,4,12,52,381
16,江湾城路,121.52580078,31.34001898,4,12,53,382
16,江湾城路,121.52585801,31.3399886,4,12,54,383
16,江湾城路,121.52608669,31.33985894,4,12,55,384
16,江湾城路,121.52632893,31.33971815,4,12,56,385
16,江湾城路,121.52638237,31.33969428,4,12,57,386
16,江湾城路,121.52641113,31.33968234,4,12,58,387
16,江湾城路,121.526435,31.33967366,4,12,59,388
16,江湾城路,121.52646347999999,31.33966417,4,12,60,389
16,江湾城路,121.52649631,31.33965657,4,12,61,390
16,江湾城路,121.52653944,31.33965033,4,12,62,391
16,江湾城路,121.52658691,31.33964653,4,12,63,392
16,江湾城路,121.52663438,31.339645449999995,4,12,64,393
16,江湾城路,121.52676254,31.33964418,4,12,65,394
16,江湾城路,121.52694769000001,31.33966525,4,12,67,395
17,江湾城路,121.52676254,31.33964418,4,12,1,396
17,江湾城路,121.52694769000001,31.33966525,4,12,2,397
18,江湾城路,121.52390215,31.34180253,4,12,1,398
18,江湾城路,121.52403618,31.34173583,4,12,2,399
18,江湾城路,121.52425211,31.341616750000004,4,12,3,400
18,江湾城路,121.5243712,31.34156005,4,12,4,401
18,江湾城路,121.52439208,31.341549749999995,4,12,5,402
18,江湾城路,121.52440211999999,31.341543779999995,4,12,6,403
18,江湾城路,121.52441351,31.341537,4,12,7,404
18,江湾城路,121.52442653999998,31.34152587,4,12,8,405
18,江湾城路,121.5244458,31.34150336,4,12,9,406
18,江湾城路,121.52445583,31.34149061,4,12,10,407
18,江湾城路,121.52446614,31.34147596,4,12,11,408
18,江湾城路,121.52447780999998,31.34145697,4,12,12,409
18,江湾城路,121.52449001,31.34143174,4,12,13,410
18,江湾城路,121.52449517,31.34141574,4,12,14,411
18,江湾城路,121.52449950999998,31.341401090000005,4,12,15,412
18,江湾城路,121.52450385,31.34138237,4,12,16,413
18,江湾城路,121.52450656,31.341368,4,12,17,414
18,江湾城路,121.52451063,31.3413311,4,12,18,415
18,江湾城路,121.52451199,31.34129882,4,12,19,416
18,江湾城路,121.52451334,31.34126573,4,12,20,417
18,江湾城路,121.52451334,31.34123318,4,12,21,418
18,江湾城路,121.52451199,31.341188690000003,4,12,22,419
18,江湾城路,121.52450846,31.34112467,4,12,23,420
18,江湾城路,121.52449544,31.34089843,4,12,24,421
18,江湾城路,121.52445041,31.34045518,4,12,25,422
18,江湾城路,121.52444173,31.34031439,4,12,26,423
18,江湾城路,121.52443901,31.340269090000003,4,12,27,424
18,江湾城路,121.52444064,31.34022623,4,12,28,425
18,江湾城路,121.52444173,31.340215649999998,4,12,29,426
18,江湾城路,121.52444363,31.34020534,4,12,30,427
18,江湾城路,121.52444552000001,31.34019829,4,12,31,428
18,江湾城路,121.52444715,31.340192049999995,4,12,32,429
18,江湾城路,121.52444905,31.34018581,4,12,33,430
18,江湾城路,121.52445149,31.3401793,4,12,34,431
18,江湾城路,121.52445475,31.34017361,4,12,35,432
18,江湾城路,121.52445882,31.3401671,4,12,36,433
18,江湾城路,121.52446450999999,31.34015896,4,12,37,434
18,江湾城路,121.52447157,31.34015082,4,12,38,435
18,江湾城路,121.52448269,31.34013916,4,12,39,436
18,江湾城路,121.52449137,31.34013156,4,12,40,437
18,江湾城路,121.52450032,31.34012505,4,12,41,438
18,江湾城路,121.52453097,31.340107150000005,4,12,42,439
18,江湾城路,121.52462565,31.340085170000002,4,12,43,440
18,江湾城路,121.52477159,31.340074320000003,4,12,44,441
18,江湾城路,121.52488226,31.34006998,4,12,45,442
18,江湾城路,121.52507459,31.34007215,4,12,46,443
18,江湾城路,121.52527804,31.3400887,4,12,47,444
18,江湾城路,121.52544297,31.34009765,4,12,48,445
18,江湾城路,121.52554443,31.34009494,4,12,49,446
18,江湾城路,121.52561523,31.3400868,4,12,50,447
18,江湾城路,121.52566894,31.34007378,4,12,51,448
18,江湾城路,121.52576361,31.34003797,4,12,52,449
18,江湾城路,121.52580078,31.34001898,4,12,53,450
18,江湾城路,121.52585801,31.3399886,4,12,54,451
18,江湾城路,121.52608669,31.33985894,4,12,55,452
18,江湾城路,121.52632893,31.33971815,4,12,56,453
18,江湾城路,121.52638237,31.33969428,4,12,57,454
18,江湾城路,121.52641113,31.33968234,4,12,58,455
18,江湾城路,121.526435,31.33967366,4,12,59,456
18,江湾城路,121.52646347999999,31.33966417,4,12,60,457
18,江湾城路,121.52649631,31.33965657,4,12,61,458
18,江湾城路,121.52653944,31.33965033,4,12,62,459
18,江湾城路,121.52658691,31.33964653,4,12,63,460
18,江湾城路,121.52663438,31.339645449999995,4,12,64,461
18,江湾城路,121.52676254,31.33964418,4,12,65,462
